    |   Population Average    |             Best Individual              |
---- ------------------------- ------------------------------------------ ----------
 Gen   Length          Fitness   Length          Fitness      OOB Fitness  Time Left
   0    38.62      1.68015e+40        7         0.119763         0.118752    135.53m
   1    17.81      1.56624e+11       37         0.111871          0.10876     85.79m
   2    13.18      4.77919e+14       17         0.108362         0.109781     70.55m
   3     9.90      2.73371e+15        7         0.105431         0.107334     78.91m
   4     7.86      2.41159e+11        7         0.105354         0.108019    102.85m
   5     6.86       1.9927e+12        7           0.1049         0.112105     97.27m
   6     6.16      1.27933e+12        7         0.104948         0.111675    113.28m
   7     6.99      7.65429e+10        7          0.10475         0.113458     83.90m
   8     7.23      8.95522e+14        7          0.10473         0.113643     80.83m
   9     7.13      2.58909e+08        7         0.104608         0.114733     77.50m
  10     7.28      8.06727e+18        7         0.104652         0.110844     71.57m
  11     7.18      3.54965e+07        7           0.1044         0.116613     77.06m
  12     7.24      2.51662e+12        7         0.104512         0.112102     69.57m
  13     7.19      1.95576e+10        7         0.104438         0.112773     67.76m
  14     7.23      6.29066e+07        7         0.104343         0.113624    103.24m
  15     7.30      2.43252e+18        7         0.104313         0.113896     78.50m
  16     7.20       1.1472e+09        7         0.104383         0.113267     62.17m
  17     7.17      6.15519e+10        7         0.104267         0.114306     87.39m
  18     7.30       4.5219e+11        7         0.104309         0.113926     80.23m
  19     7.20       3.8922e+07        7          0.10424         0.114551     81.17m
  20     7.26      6.42635e+10        7         0.104398          0.11313     79.51m
  21     7.18      1.25712e+11        7         0.104295         0.114053     70.30m
  22     7.19      4.44243e+08        7         0.104367         0.113406     60.75m
  23     7.18      2.17245e+11        7         0.104284         0.114156     64.75m
  24     7.23      6.23622e+10        7         0.104307         0.113945     59.88m
  25     7.23      2.97208e+15        7         0.104309         0.113931     57.00m
  26     7.18      4.53339e+14        7         0.104247         0.114491     56.96m
  27     7.21      1.85485e+11        7         0.104215         0.114779     57.24m
  28     7.18      1.25585e+11        7         0.104383         0.113269     56.15m
  29     7.19      6.05445e+07        7         0.104454         0.112624     56.11m
  30     7.23      1.20528e+08        7         0.104318         0.113852     57.74m
  31     7.30      3.28513e+15        7         0.104284         0.114152     56.66m
  32     7.23      9.55947e+13        7          0.10434         0.113651     55.64m
  33     7.23      1.22099e+11        7         0.104307         0.113952     54.99m
  34     7.25       6.3235e+08        7         0.104165         0.115224     54.70m
  35     7.20      2.67471e+11        7         0.104374         0.113344     86.31m
  36     7.25       1.6645e+08        7         0.104416         0.112963     75.62m
  37     7.15      1.20622e+08        7         0.104424         0.112897     72.67m
  38     7.27      3.55251e+10        7         0.104293         0.114076     95.76m
  39     7.13      1.86506e+15        7         0.104308         0.113941     80.37m
  40     7.27      5.23387e+10        7         0.104384         0.113256     77.49m
  41     7.20      8.63328e+14        7         0.104393         0.113171     68.71m
  42     7.30      6.28943e+22        7          0.10417         0.115183     73.78m
  43     7.14      6.59887e+18        7         0.104288         0.114116     51.88m
  44     7.21      8.66789e+11        7         0.104237         0.114574     52.27m
  45     7.19      2.05438e+08        7         0.104404         0.113074     51.37m
  46     7.25      4.58684e+14        7         0.104342         0.113637     51.60m
  47     7.26      4.62332e+14        7         0.104062         0.116153     52.84m
  48     7.21      2.86896e+10        7         0.104323           0.1138     50.27m
  49     7.23      2.91029e+13        7         0.104267         0.114306     53.16m
  50     7.27      8.13057e+10        7         0.104404         0.113072     54.99m
  51     7.23      3.87475e+07        7         0.104396          0.11315     50.69m
  52     7.26      5.33281e+11        7         0.104437         0.112781     49.23m
  53     7.23      1.99859e+11        7          0.10439         0.113204     49.27m
  54     7.24       4.8285e+13        7          0.10439         0.113205     48.69m
  55     7.23      1.50766e+15        7         0.104235         0.114597     48.83m
  56     7.32       1.0427e+11        7         0.104418          0.11295     47.91m
  57     7.14      1.50784e+19        7         0.104234         0.114607     47.99m
  58     7.26      3.80061e+10        7          0.10448         0.112392     47.37m
  59     7.26      1.65252e+14        7         0.104383         0.113262     46.81m
  60     7.24      1.36319e+11        7         0.104358         0.113489     47.04m
  61     7.27      6.20719e+10        7         0.104281         0.114185     50.57m
  62     7.18      6.92052e+09        7         0.104212         0.114801     47.78m
  63     7.25      4.12738e+11        7         0.104398         0.113132     46.59m
  64     7.23      1.31898e+08        7         0.104143         0.115427     47.13m
  65     7.18      9.07262e+26        7          0.10425         0.114459     45.72m
  66     7.20       6.1413e+10        7         0.104348         0.113583     45.80m
  67     7.17      1.07458e+08        7         0.104274         0.114244     45.20m
  68     7.21      3.15649e+11        7         0.104422         0.112915     45.38m
  69     7.28      7.36963e+09        7         0.104135         0.115495     45.00m
  70     7.22      1.89898e+18        7         0.104388         0.113218     46.83m
  71     7.20      6.98935e+10        7          0.10435         0.113558     46.69m
  72     7.22      6.27179e+10        7           0.1044         0.113107     44.07m
  73     7.23      2.17982e+15        7         0.104317         0.113857     44.34m
  74     7.23      3.61037e+09        7         0.104335         0.113699     43.40m
  75     7.17      1.50454e+11        7         0.104437         0.112776     43.49m
  76     7.23      2.69358e+11        7         0.104424         0.112895     43.46m
  77     7.28      8.91837e+14        7         0.104139          0.11546     42.63m
  78     7.23      7.37905e+10        7          0.10441         0.113018     42.51m
  79     7.29      4.03027e+10        7         0.104373         0.113351     41.87m
  80     7.24      5.38512e+15        7         0.104295         0.114054     42.13m
  81     7.17      1.73427e+11        7           0.1044         0.113112     40.88m
  82     7.20      1.31291e+11        7         0.104373         0.113356     41.35m
  83     7.20      2.35566e+11        7         0.104453         0.112633     40.57m
  84     7.19      1.56343e+11        7         0.104228         0.114655     40.24m
  85     7.15      6.21798e+10        7         0.104028         0.116455     40.01m
  86     7.26       7.8144e+07        7         0.104393         0.113178     39.88m
  87     7.22      7.91253e+14        7         0.104317         0.113862     39.88m
  88     7.19      6.69995e+07        7         0.104314         0.113885     38.91m
  89     7.18      6.56917e+10        7         0.104455         0.112615     38.69m
  90     7.31      2.74902e+18        7         0.104383         0.113262     39.32m
  91     7.12      9.47634e+15        7         0.104359         0.113477     37.74m
  92     7.28      1.40352e+11        7         0.104206         0.114853     38.42m
  93     7.24      5.03329e+14        7         0.104349         0.113569     37.69m
  94     7.26      1.20148e+11        7         0.104402         0.113095     37.31m
  95     7.14      5.19315e+07        7         0.104476          0.11243     36.91m
  96     7.20      1.75669e+19        7          0.10433         0.113744     36.26m
  97     7.25      9.98866e+15        7          0.10441         0.113021     36.62m
  98     7.22      6.37652e+10        7         0.104417         0.112954     36.38m
  99     7.13      1.22208e+11        7         0.104465         0.112522     35.30m
 100     7.28      6.14218e+10        7         0.104446         0.112701     35.31m
 101     7.20      1.23926e+11        7         0.104315         0.113877     35.45m
 102     7.22      1.76714e+15        7         0.103884         0.117759     34.47m
 103     7.21      8.79006e+07        7         0.104425         0.112889     34.77m
 104     7.19      4.41009e+13        7         0.104341          0.11364     34.48m
 105     7.29      2.08279e+12        7         0.104274         0.114246     38.25m
 106     7.25      2.09367e+14        7         0.104435         0.112798     36.82m
 107     7.21      1.13236e+14        7         0.104395         0.113152     38.46m
 108     7.21       3.5751e+14        7         0.104478         0.112412     39.34m
 109     7.16      3.55852e+11        7         0.104342         0.113633     50.17m
 110     7.21      6.28755e+10        7         0.104306         0.113958     45.44m
 111     7.20      1.94281e+11        7         0.104253         0.114435     52.79m
 112     7.26      2.78383e+15        7         0.104334         0.113702     48.14m
 113     7.25      6.70956e+10        7         0.104364         0.113431     41.89m
 114     7.23      1.86496e+10        7         0.104211          0.11481     39.88m
 115     7.23      2.76858e+08        7          0.10421          0.11482     44.35m
 116     7.18      1.90117e+08        7         0.104272         0.114264     39.07m
 117     7.23      3.37419e+18        7         0.104001         0.116699     39.08m
 118     7.22      2.21784e+08        7         0.104172         0.115166     39.17m
 119     7.25      2.11425e+14        7         0.104271         0.114273     37.34m
 120     7.19      4.53281e+14        7          0.10437         0.113382     42.74m
 121     7.30      2.87196e+14        7         0.104354         0.113529     38.90m
 122     7.21      1.07173e+08        7          0.10433         0.113743     37.37m
 123     7.21      1.93877e+08        7          0.10435         0.113565     35.47m
 124     7.27      1.90876e+11        7         0.104366         0.113414     37.34m
 125     7.23      3.12637e+08        7         0.104398         0.113131     42.99m
 126     7.24      8.42067e+10        7         0.104067         0.116109     34.62m
 127     7.25      4.39669e+08        7         0.104429          0.11285     38.11m
 128     7.27      5.54104e+12        7         0.104476         0.112426     35.34m
 129     7.22      3.43103e+07        7         0.104469         0.112491     33.29m
 130     7.25      3.82767e+18        7         0.104369         0.113394     34.29m
 131     7.23      1.27887e+08        7         0.104439         0.112759     33.14m
 132     7.29      2.38553e+14        7         0.104287         0.114126     32.68m
 133     7.26      2.86869e+10        7         0.104212         0.114801     31.29m
 134     7.20      1.35936e+11        7         0.104323         0.113804     31.95m
 135     7.26      3.10853e+11        7         0.104317         0.113857     31.47m
 136     7.19      1.46489e+13        7         0.104346         0.113598     31.72m
 137     7.24      4.14742e+11        7         0.104374         0.113342     32.11m
 138     7.26      1.88843e+15        7         0.104412         0.113001     33.10m
 139     7.25       1.4664e+11        7         0.104361         0.113463     31.82m
 140     7.21      6.14392e+10        7         0.104181         0.115085     25.39m
 141     7.17       5.5134e+14        7         0.104397         0.113138     24.01m
 142     7.19      7.53684e+11        7         0.104341         0.113645     28.09m
 143     7.20      1.42417e+15        7           0.1042         0.114911     24.15m
 144     7.22      1.02085e+17        7         0.104371         0.113376     31.13m
 145     7.19      1.34796e+10        7         0.104129         0.115554     33.21m
 146     7.22      7.91476e+10        7         0.104305         0.113964     29.96m
 147     7.20      6.17757e+10        7          0.10428          0.11419     25.18m
 148     7.19      2.56888e+11        7         0.104163         0.115241     24.21m
 149     7.26       6.1977e+10        7         0.104267         0.114306     22.90m
 150     7.26      2.39703e+15        7         0.104361         0.113459     25.57m
 151     7.22      2.21824e+14        7          0.10435         0.113563     24.29m
 152     7.21      1.08624e+12        7         0.104359         0.113483     23.72m
 153     7.23       8.4975e+10        7         0.104349         0.113569     24.00m
 154     7.24      1.28082e+10        7         0.104472         0.112459     22.32m
 155     7.17      7.79757e+10        7         0.104237         0.114582     21.55m
 156     7.16      1.93487e+07        7         0.104258          0.11439     21.34m
 157     7.26       2.1355e+11        7          0.10424         0.114548     19.93m
 158     7.25      2.02576e+12        7         0.104366         0.113413     18.83m
 159     7.21      1.02697e+11        7         0.104407         0.113048     18.64m
 160     7.18      6.00533e+11        7         0.104286         0.114139     17.93m
 161     7.24      1.79483e+10        7         0.104382         0.113277     18.09m
 162     7.26      1.23632e+20        7         0.104426         0.112875     17.79m
 163     7.21      1.23549e+11        7         0.104324         0.113797     16.94m
 164     7.25      2.22253e+14        7         0.104372          0.11336     21.84m
 165     7.18      2.59277e+07        7         0.104394         0.113169     17.33m
 166     7.25      5.66095e+07        7         0.104458         0.112593     17.18m
 167     7.24      1.96954e+07        7         0.104449          0.11267     15.25m
 168     7.16      6.24285e+07        7         0.104398         0.113127     14.44m
 169     7.21      3.35311e+10        7         0.104416         0.112968     13.87m
 170     7.20      1.72113e+13        7          0.10443         0.112844     13.92m
 171     7.22      1.82513e+11        7          0.10417         0.115182     14.94m
 172     7.22      6.25877e+10        7         0.104287         0.114128     12.91m
 173     7.18      2.42846e+08        7         0.104391         0.113188     12.37m
 174     7.25      5.73534e+12        7          0.10444         0.112754     12.03m
 175     7.32      1.09138e+15        7         0.104423         0.112909     14.08m
 176     7.25      2.77821e+14        7         0.104367         0.113404     11.91m
 177     7.15      1.15007e+08        7         0.104279         0.114202     10.69m
 178     7.28      3.43068e+18        7         0.104452         0.112639     10.23m
 179     7.28      7.56863e+11        7         0.104284         0.114158     10.02m
 180     7.24       1.7871e+11        7         0.104287         0.114126      7.91m
 181     7.22      7.67389e+18        7         0.104384         0.113257      7.14m
 182     7.24      1.71436e+11        7         0.104438         0.112772      7.06m
 183     7.24      9.37312e+18        7         0.104302         0.113989      6.55m
 184     7.24      7.90592e+11        7         0.104408         0.113036      6.22m
 185     7.30      1.24902e+11        7         0.104484         0.112351      5.71m
 186     7.26      3.19502e+08        7         0.104277         0.114216      5.86m
 187     7.25      3.34733e+18        7         0.104284         0.114154      5.55m
 188     7.26      2.27688e+12        7         0.104355         0.113513      4.45m
 189     7.18      5.03699e+14        7         0.104374         0.113349      4.04m
 190     7.23      1.60301e+15        7         0.104106         0.115759      3.67m
 191     7.26      8.64664e+07        7         0.104295         0.114056      3.28m
 192     7.21      3.32673e+14        7         0.104394         0.113167      2.92m
 193     7.15      1.19024e+11        7         0.104299         0.114021      2.64m
 194     7.20      3.79822e+18        7         0.104372         0.113362      1.96m
 195     7.20      2.17977e+07        7         0.104388         0.113222      1.60m
 196     7.23       2.6881e+11        7         0.104379         0.113297      1.15m
 197     7.29      8.92203e+14        7         0.104277         0.114217     46.27s
 198     7.23      1.27289e+15        7          0.10446         0.112575     23.33s
 199     7.21      3.93133e+08        7         0.104379           0.1133      0.00s
add(div(0.598, X0), sub(0.472, -0.737))